==================================================================================
PAGE 1
==================================================================================
681,550 682,750 683,950 685,150
MANAGEMENT PLAN CUTTING AND REFORESTATION OF PLANTATIONS
TO EXECUTE CIVIL WORKS
EIA "Clay Extraction Project for Production
of Rare Earth Concentrate"
LEGEND
263 265 267
273
4
255 259 289
295 296 O -
3 7
224 O
223 -3
9 0
214
224
332
332
332 337 337
338 342
1281-186
200
200
204210
214
358
265
169 392
376
133
147
132 146
110
80
83 93 85
91
87
115 99
88
9
1
9
6
0
50
108
105
121
104 111 113 12 13 2 8
158
168
179
197
155 174 178 288
312
314
332 338
352
354
361
128 C 1 or -
l
1 i
or
h 8
3
t
6
u 8
and
9
and
3
f
8
c
c
2
u or n, do 382
382 352
347345
344
74 75
79 82 78
77
86
100
95 101 89
102 153
176 353 351 350
345
362 369 376 345
1 208 7 119 1 9 6 8 6 1 18 2 1 4 1 2 68 6 6 .4 1 6 6 . 8 3 4 6 4 5 1 1 7 6 2 6 6 6 5 . . 1 1 70 1 3 8 67 6. 1 76 4 1 6 4 6 . 6 4 . 1 9 1 1 8 6 7 7 8 6 1 . 1 2 .8 4 1 8 16 1 4 1 6 1 19 6 9 6 . 1 7 . 4 3 2 . 6 7 1 3 1 . 1 2 6 9 6 2 6 2 . 1. 1 1 . 3 4 8 2 9 140 161 165 1 1 6 1 6 . 1 2 6 6 . 1 4 5 1 . 6 1 . 9 2 139 0 109 129 151 1 94 6 124 .47 112 9 1 7 06 117 127 13 1 1 20 1 0 1 7 1 1 9 0 7 3 44 123 1 118 1 6 1 3 2 1 4 1 5 2 . 2 1 6 4 8 1 3 31 9 6 1 130 5 1 1 6 1 67 1 1 3 4 6 1 2 4 4 5 1 9 1 . 7 1 0 173 1 1 4 1 7 4 4 3 5 1 1 1 75 1 6 5 1 1 4 9 . 3 1 8 2 4 1 0 5 8 2 7 18 1 1 3 8 5 9 9 16.2 1 1 1 6 1 8 9 6 1 1 7 0 4 5 2 1 7 82 1 1 9 8 5 1 7 1 2 6 0 1 8 6 1 5 1 6 2 6 08 2 .30 163 186 1 22 6 1 .38 255 1 1 2 2 8 35 2 8 6 2 0 61 .4 2 2 0 48 2 4 2 1 5 9 8 2 2 62 238 284 272 202 2 2 5 7 891 2 9 1 14 26 2 3 95 289 315 290 304 240 2 31 9 0 7 250 2 2 9 6 6 0 30 2 3 7 9 1 3 5 7 03 254 276 3 2 27 56 2 2 5 9 7 2 24 2 7 3 6 1 2 6 9 46 3 2 0 9 1 2 8 8 2 2 5 7 6 2 6 3 4 3 9 3 2 9 31 9 3 2 9 53 348 3 2 1 3 6 1 2 7 2 307 3 3 1 32 3 4 0 3 9 3 4 3 9 6 3 2 3 3 3 4 4 8 7 34 2 2 93 3 3 3 2 5 2 4 8 3 329 357 3 3 5 3 3 3 3 9 6 1 6 0 308 36 3 3 9 2 4 6 3 1 05 3 3 3 3 4 3 5 0 4 356 340 34 318 3 361 363 37 3 6 21 355 291 359 33 360 7 362 363 302 382 369 325 37 382 6 347 349 360 358 3 3 5 3 6 3 9 5 7 2 7 6 369 3 3 6 5 1 0 363 353 343 34 3 8 43 O 342 3 - 57 4 353 4 36 0 3 1 60 363 360 355 362 358 3 3 6 4 3 3 9 56 350 361 362 853 361 354 363 3 350 3 5 3 4 3 9 3 5 6 2 0 3 5 3 6 3 5 4 9 349 5 35 7 1 1 4 356 35 3 5 3 3 4 3 3 34 5 4 5 3 0 5 6 3 0 5 9 2 3 35 3 8 34 3 34 5 8 6 34 3 3 7 4 4 1 2 343 32 3 6 3 3 3 3 3 42 7 0 3 33 3 3 5 9 5 3 3 7 63 8 359 3 3 3 2 6 3 3 3 3 3 2 5 6 1 33 3 4 4 4 0 3 3 6 5 2 3 3 5 3 35 1 3 7 5 328 3 329 3 5 3 3 0 8 24 3 3 3 4 4 3 3 8 9 4 3 6 2 3 3 1 54 3 321 22 3 3 2 44 9 347 3 3 3 2 6 5 3 2 2 3 3 18 4 3 0 37 3 3 3 3 1 2 1 2 9 7 6 3 4 3 3 3 5 3 3 2 3 0 30 4 1 3 3 3 3 3 2 2 3 4 9 2 6 2 3 31 1 32 4 5 2 32 3 4 3 5 3 3 1 2 2 3 2 4 3 33 3 3 1 1 7 1 2 311 31 3 9 2 3 3 8 1 39 0 328 PROPERTY AREA TABLE
238 932
237
16.25 177 128
c
1
or
-
l
1
i
or
h
8
t
u
7
and
and
f
b
c
u
or
n
,
do
16.3
1
9
6.43
181
15.1
19 1 0 5.3
194
210 213 223
2
2
0
0
6
0
216
196
219
22
2
4
09
212
112
205
215 2
237
17
231
218 236
2
2
2
4
8
4 229
252
243
270
277
281
28
2
0
94
300 286
28
287
2
281
306
34
35
4
1
348
354
356
34
3
5
52
355 346
334
344
3
3
4
5
6
2 35
3
3 9
4
5
7
4
343
351
341
342 342 345
CARTOG DATA
co
R
or
Á
rd
f
and
I
n
c
to
Or
da
Yes
yes
and
U.T.
g
M
EODESICS
2 2 4 1 3 2 2
2
3 2
2
4 2
3 2
4 2 3
4 8
3 3 2
2 2
2
0
4 2 4
2
6 7
2 2
3 4
3
9 8
8 3
2 2 1 2
2
2 3 2 4 4 4
3
0 4 7 8 - 1 3
2 2
2 6 5
2
0 2
5
2
2
5 1 2 3
2 3
4 4
2 2 7
7 3 2
2
1
6 2 3 2 4
2 8 2
3
3
0
3 2 8
0 2
1 4 9
2 224
2
9
-
1
2 6 2 41
6
3 2
22
2
7
1 4 4
. 2
4
1 3
0
3 4
0
6 23 4
2
5
46 2 23
.
3 9 2
23
9
9 6
2 4 4 2 2 236 53 5
1
2 2 4 2 3
6
235 4 4 8 2
.
2 31
6
24 2 2 23 4 2 3 2 8 7 1 2 6 2 3 4 4 . 1 2 2 2 8 3 4 3 6 R S 2
2
u 4
26
a 5 24 t 2 n 4 7 2 3 a 4 1 t 2 0 2 2 6 4 a 4 4 I 2 9 5 7 . t 4 1 2 7 a 2 M 2 9 4 2 2
2
4 4
4
4
8
t 2 2 9 4 8 4 8 5 a a 2 2 1 2 t 4 2 8 5 C 4 9 i 1 - 6 . l 3 1 6 d o 6 2 2 2
1
43 and i. 5 3
6
h 0 2 5
.
4 P
5
3 u
2
2
51
4
2
1 3 C 2 e 3 5 2 3 5 c . 4 4 1 1 or
2
2
1
2
5 1
5
8
25
6
. 1 5 1
6
1
.
6
.
5
3
2.
2
5 2 2
1
7
2
5 3
5 2
9 2
6
5 5
6
8
1
3 6 1 2 3 63 261 . 2 3 6
2
2 2
6
2 5
0
5 8 562 7
2
2
1
59
6
2 2
6 2
2 5 6 6
.
8 4
2
6
1 6
2
1 4
66 1 26 1 6 0 3
2
.
1
1
1 5
.
6 5
1 2
6
2
.
5
1.
8
3
2
0 2
2 5
5 1
5 8
7
9 R
24
1
9
1 e 2 6
25
t
2 4 5
.
2
8 L a 1 1 5 o m 1 - 6 t
1
1. or e 4
6
1
9 1
. 3 1
6
R U E 0
7 6
.3
u
.
n
4
6
and t
1
1 to
1 0
or
6
3l
5.
. 1,
1
2
.2
5
6
2
20 222 7
22
2
7
0
24
3
5 24 23 7 0
234 233
2 26
2
5 0
50
1
24 255 8
2
24 2
5
9 5
6 2
4
2 6 5 5
257
9
2 2 5 6 3 6
2 2
2
4
55
5
2
2 6
4 261 2 254 267
247
256 262 263 264 257 25 1 8 28
225
1-189 29 2 2 97
298
3
2
0
9
4
1 305 301
3 30 1 3 0
29
2
0
2 30
294
0 81 2 2 96 8 - 9 299 189 288 296
542 23
2
2
97
251
239
264
293 28
2
9
41
268
297
283
295
279
29 2 8 9 2 1 74
278
315 319 316 320 318 317 3
33 33
1
4 2
4
3
3
3
3
3
0
335 331 332
3
336
22
3
3
41
2
3
4
3 34 3 3 2 38 3
3
3 4
3
4
2
3 6
2 5 3
34 3 3 7
3
4
3
3
3
2
4
7
5
1 321
34
3
5
3 34 9 8
351
34
3
9
5
3
0 3
3
5
5
5
2
3
4
340
355
326 318 Route 152 AMBI MANAGEMENT
d
E
to
N
t
E
u
T
m
q
A
u
:
l
i
W
d i
c
yes
g
t
Or
to
Yes
n
N
8
c
4
Yes
ia
-
u
h
: 1
u
l
yes
T
m
or
Or
and
1
R
t
8
ro
E
Yes
Yes
ur
681,550 682,750 683,950 685,150
008.239.5
006.139.5
004.039.5
008.239.5
006.139.5
004.039.5
PPllaannoo 1111 ddee 1122
PPllaannoo ddee IInntteerrvveenncciióónn
LOCATION SKETCH
Region
of the Biobío
Commune
from Penco
dxm.21 ed 11 noicnevretnI
ed onalP
941
SAP
- 2A\20V\dxM\941SAP\SAP\ocneP
oludóM
otceyorP AIE - 8605022\OSRUC NE SOTCEYORP\:Z SCALE 1:7,500 0 187.5 375 750 m
G.L.
:robalE
±
±
210
200 197 196 195 194
216 199
16.42
201 198
197
215 211 203
204
202 192 189
187
191
16.39
220
219
217
2
2
0
1
8
2
207 206
209
15.3 190 188
±
±
214 213 205 591 CoComiuhunae cdoe
198
1281-187 Coihueco Farm, Lot B
218 dCeo Pmeunncao
16.43 Province of
Conception
203
222
15.1
193
223
±
1281-188 Coihueco Farm, Lot C
16.36
228
226 213
210
194
231
221
200
230 206
237 233
232
229 227
222
1
220
5.2
218
217 215
214
212
204
202 201 199
236
235
225
221 219
209
234
224
16.4
1
0
6.16 216 211
208
207 205 196
BASE CARTOGRAPHY
THEMATIC MAPPING
Administrative Limits! Citronella mucronata
^_
Provincial Limit
Reference points
Regional Limit
Slopes (°)
Communal Limit
0-15
Penco Commune
15-30
Property Limits
30-45
Land Affected to Short
45-60
Neighboring Properties
60 and +
Project Works
Forest Plantations Affected by Cutting
Area Covered by Plantations 15.1
15.2
Roads
15.3
National Road Network Land Use Capacity Class
IV
Orography N.C. Level Curves VI Hydrography VII Hydrological network VIII Property No. No. Stand Short Area Stand Works Class soil use capacity Average slope (%) Area to be affected (ha) 15 C053 15.1 Pinus radiata plantation Roads C e a x m is in te o n s t p e r s o c y o e n c t m a d o o d s ification VI 15-30 0.08 15 C053 15.2 Plantation of Pinus radiata Roads C e a x m is in te o n s t p e r s o c y o e n c t m a d o o d s ification VI 15-30 0.02 Existing roads with modification 15 C277 15.3 Plantation of Pinus radiata Projected roads VI 15-30 0.03 Stockpile
4 Paper Format: A2 2 0 2 5- 0 8- 2 a: h c e F