==================================================================================
PAGE 1
==================================================================================
679,450 680,950 682,450 683,950 685,450
MANAGEMENT PLAN CUTTING AND REFORESTATION OF PLANTATIONS
TO EXECUTE CIVIL WORKS
EIA "Clay Extraction Project for Production of
Rare Earth Concentrate"
265 267 273
259 289293
296
224
224
92 107
97 124126132
188191
200 200 204 214
214
293
332 332 337 337 338 342
108 125 151 270 246 277 314
301123 167 174
392
376
151 1 1 1 2 5 4 9 3 3 1 1 12 3 9 1 3 4 2 2 5 1 1 1 1 2 33 4 1 4 2 7 4 8 14 1 1 4 7 1 1 1 4 1 1 4 5 4 9 1 6 6 3 6 4 8 4 2 1 0 5 1 5 1 5 9 1 1 3 0 5 1 2 1 0 4 15 1 7 1 1 3 0 5 9 - 2 5 8 1 13 1 6 1 1 52 1 7 5 2 4 7 6 1 9 0 1 6 5 1 1 0 29 3 1 8 1 1 3 1 8 1 4 8 3 2 7 13 0 7 4 1 1 0 13 5 9 1 0 1 4 2 A P 9 6 1 1 5 7 1 7 0 3 1 8 6 1 1 7 5 r 4 4 1 1 5 c 0 e 1 1 3 1 4 2 c 0 1 1 4 2 2 d 1 1 1 e 1 8 0 1 3 1 1 8 131 i 0 6 6 1 4 1 1 1 1 4 s 2 3 5 1 o 0 1 1 137 3 1 1 - 1 1 6 2 o 3 14 6 7 9 2 5 4 1 1 1 8 0 3 3 2 1 1 5 8 9 1 4 1 1 1 1 2 1 2 2 3 8 9 1 531 2 3 1 1 5 2 07 1 3 4 7 1 2 3 1 3 1 9 1 7 1 3 3 1 12 1 1 1 1 4 2 0 1 1 1 0 5 8 1 3 5 1 3 0 15 3 8 1 3 138 5 1 7 3 3 1 1 0 13 4 5 1 19 2 1 1 1 1 1 3 5 1 2 5 6 1 4 1 7 3 9 6 8 3 1 1 1 1 2 1 2 4 3 5 7 2 4 1 1 2 1 1 1 2 5 1 6 5 2 0 5 8 1 6 1 9 1 1 1 1 3 5 1 7 1 9 1 2 2 65 4 3 4 8 2 1 1 2 1 7 3 1 1 3 3 1 9 6 6 9 5 1 0 0 2 1 1 1 1 6 1 8 2 3 4 4 - 4 3 1 7 0 1 1 2 6 9 0 1 1 3 6 1 1 4 3 4 4 A P 1 9 1 9 2 2 8 4 6 1 0 9 1 4 6
1
1
2
4 r
8
4 4 8 c 1 2 6 1 2 5 e 1 4 7 1 2 1 7 1 1 9 6 c 3 1 1 5 4 4 0 1
1
d 8 6 7
9
1 6 8 8 2
2 9
6 2 e 4
8
9 3 i 1 17 3 7 P 2 1 s 6
311
or 2 3 1
1
8 03 6 8
2
3 130 9 or
7
1 u 3 1 4 3 8 5 1 2 1 6 1 0 n 1 1 5 4 1 4 5 8 2 1 8 3 1 t 4 4 8 1 1 3 8 2 2 7 o 5 8 5 1 4 1 1 1 8 6 3 7 1 4 6 5 1 3 1 6 2 - 0 0 2 5 31 18 A 7 1 68 6 17 7 9 6 0 82 3 8 1 1 7 75 4 5 17 6 9 6 1 1 3 12 8 5 8 1 5 71 2 8 4 1 7 4 5 9 3 4 1 0
1
0
0
7
7
1 9 4 8 3 0 54 6 2 1 2 5 6 7 47 3 4 2 49 0 5 1 7 2 5 8 1 8 1 7 9 8 30 194 85 89 6 1 6 1 1 8 9 6 9 9 2 1 3 1 8 4 1 0 0 0 1 2 91 1 11 5 1 5 9 9 7 3 131 2 1 1 9 1 7 5 9 9 2 5 4 5 9
1
5 5
3
5 236 7
8
3 2 2 1 1 1 2 3 9 2 7 2 2 6 1 2 1 4 9 4 5 7 9 3 61 9 2 2 2 4 2 6 2 2 5
1
227 5 1
2
13 2 2 8 4 12 8 4
7
4 10 1 3 04 67 22 10 1 6 74 1 2 1 1 4 09 8 4 71 137 1 9
1
4
45
2 93 1 2 2 06 8 3 2 2 8 8 5 9 1 2 6 1 7 0 69 8 5 0 1 1 - 0 2 2 1 0 1 1 4 01 7 - 0 8 0 6 2 1 7 5 0 2 4 5 9 2 9 8 2 24 0 1 3 4 9 19 2 3 0 11 7 8 0 0 8 1 1 72
1
1 134 1 1 7
3
7 6 3 1 6
6
83 16 2 1
11
1 2 1 1 8
4 1
7 4 5
4
7
0
2 165 1 1 1 8 4 9 0 1 2 - 6 4 1 17 2 5 3 4 9
8
7
1 8
146 1 1
2
1 1 5 2 4 98 4
5
1 1 3 2 1 9 A P 2 1 2 142 4 2 1 3 7 9 r 8 1 c 12 e 2 2 1 4 c 1 6 - d 16 6 e 2 i 2 2 4 1 19 4 6 s 25 1 o 8 8 2 3 9 1 5 115 1 4 o 2 2 7 5 2 4 4 3 8 9 7 1
1
2 2
4
1 6
1
2 6 5 2 2
9
1
0
1 7 5 5 5 2 0 4 4
8
2 1 6 3 4 3 5 2 5 49 5 2 1 3 2 5 2 8 2 0 8 2 6 4 2 6 4 2 8
1
0
1
0 5 25
5 3
2 9 2 2 47 2
9 5
3 1 2 2 1 2 7 2 5 62 4 6 7
1
5 9 8 1 2 1 6 2 1 5 6
7
2 6 8 1 5 259 0
8
7 6
1
18
3
2 0 1 2
9
6 2 1 5 A P 6 8 4 8 8 6 26 2 1 4 6 r 7 3
1
5 1c
5
5 e 2
6
1 3 0 c d 2 e 1 2 1 5
1
6 i 9 8 8
5
2 2 0 5s 6
8
o 5 o 1 1
1
6 1 8 2
1 7
1 7 3 2 1 2
6 6
5 2 1 39 5 4 6
4
562 2 9 3 8 19 1 2 - 2 2 1 1 9 6 19 9 8 1 203 0 68
2
258
01
1 A P 82 208 r 1 2 8 c 1 2 5 2 6 e 1 9 8 4 4 9 4 c d 275 e 2 2 2 1 3 i 2 4 2 2 s 6 3 o 2 7 2 2 4 3 o 2 1 0 4 8 1 207 7 2 1 24 2 5 8 3 23 2 8 2 2 5 5 1 0 9 1 5 8 278 9 2 1 2 54 2 2 5 4 2 9 6 7 9 4 2 2 7 3 9 4 7 3 5 0 1 4 1 5 3 2 2 5 2 5 2 3 53 9 2 5 1 2 4 0 5 8 9 2 1 2 3 4 2 3 1 1 6 5 2 0 4 0 0 2 7 0 2 3 2 4 4 23 3 3 7 8 11 1- 2 2 5 1 11 1 2 3 4 3 8 2
3
2 2 0
1
3 3 0
5
6 9 2 2 1 2 7 5 2
3
5 7 7 3 9 3
1
2
7
7 218 25 2 29 4 9 2 2 3 26 1 2 3 2 6 2 2 2 2 7 9 1 4 2 9 3 0 9 9 2 3 2 67 3 5 5 0
3
0 4 2
4
3 3 3 0
6
8
33
0 2 5
3
3 0 9 2 2 3 0 2 5 6 2 6 4 8 91 1 9 8 3
354
3 3 4 2 3 2 3 3
3
1 0 2 3 3
5
7 5
5
3 2 4 2
3
0 8 9 3 8 3 0 0 9
4
2 3 1 2 2 2 9 1 3
9
6 3 7 4 2 3 1 3 2 3 97 0 2 3 0 4 3 2 9 5 2 0 - 2 3 2 5 8 9 5 8 6 0 1 1 9 8 3 3 3 2 8 5
35
4 3 3 8 2
0
8 3 2 0 9 2 8 2 2 9 1 5 9 5 9 3 3 8 3 5 6 5 2 1 248 3 9 2 2 0 3 9 3
3
8 2 6
4
4 6 2 2
5
6 8 38 7 3 6 3 3 2 2 6 4 261 9 3 1 7 04 33 2 252 0 3 4 56 2 331 340 33 2 8 8 3 2 1 9 2 8 8 4 2 9 8 4 1 3 3 3 6 3 2 6 0 0 376 2 299 2 8 5 3 6 286 2 3 87 6 2 3 2 9 8 9 1 4 1 4 2
3
82
6
2
1
9 3 8 2 3 5 62 7 9 1 2 2 7 2 6 2 2 6 9 3 4 9 7 9 7 29 363 2 1 9 2 1 9 2 8 80 302 3 3 63
1
5
3
3
82
8 82
28 3
3
1
32
6
2
9
8
-
2 5 3 7
1
3
3
2 7
60 8
36
8
2 31 369 4 382 37 3 6 3 0 1 9 8 3 35 1 0 9 34 349 3 7 57 3 3 51 1 3 3 3 7 4 5 4 9 5 3 3 4 3 6 2 5 0 0 8 361 3
382
3 3
5 3 4 3 3 5 2 6 3 0 3 3 3 7 3 1 7 5 6 4 6 33 3 3 63 3 3 2 4 5 3 3 6 321 1 4 3 5 8 6 33 9 4 337 3 32 3 36 4 2 3 2 553 43 3 3 3 4 5 0 3 3 3 3 45 3 3 3 4 3 4 2 3 5 4 2 3 2 5 32 3 0 3 3 1 4 4 3 3 6 4 4 3 3 4 1 8 3 3 3 3 3 4 4 35 6 5 3 2 6 3 9 3 2 3 3 3 4 5 4 4 3 1 9 9 7 3 3 355 4 5 3 3 3 4 6 4 6 2 3 6 0 3 5 0 3 5 3 4 5 33 3 2 8 2 3 5 35 6 3 5 3 5 3 9 4 3 3 2 318 6 3 3 3 5 4 4 3 3 5 2 8 8 3 3 35 3 4 4 1 5 2 7 7 350 35 3 6 63 361 361 36 360 1 3 3 5 6 6 2 3 3 3 5 5 3 5 6 3 3 3 7 2 4 3 34 5 9 3 3 4 9 9 7 3 3 3 3 5 4 5 1 0 3 5 2 3 4 5 9 3 8 3 35 3 4 5 5 7 3 3 3 0 3 5 3 1 3 3 4 4 3 5 5 4 3 6 5 2 8 3 3 4 3 9 4 4 8 4 3 3 3 3 4 3 2 4 8 3 3 2 4 9 1 3 3 3 3 3 3 5 8 3 5 3 4 34 2 9 6 0 3 6 9 5 63 3 3 3 3 5 3 6 3 337 7 0 6 3 34 1 4 3 33 6 2 3 2 3 5 5 31 5 35 3 4 7 328 5 32 3 1 9 26 3 3 3 3 2 3 2 3 3 5 4 7 8 2 3 2 5 0 8 6 7 32 352 1 3 31 3 3 3 9 3 0 3 4 3 6 1 3 6 2 3 3 339 3 3 1 2 3 32 8 1 3 4 6 3 3 2 3 3 4 0 3 2 2 3 9 8 31 4 3 3 32 3 2 2 60 3 3 3 2 2 1 1 3 4 5 3 3 2 7 3 5 3 3 4 3 3 1 3 4 3 4 3 3 1 1 5 3 8 2 3 2 1 1 9 3 3 1 4 3 4 3 2 1
3
0
4
32
2
8 345 345 TABLE SUP L E E R Y F E I N C D IE A PROPERTY
176 178
175
174
184
191
187
193
165
173
193 P
1
u
67
nto 4A
196
671
201
212
224
197 20
2
2
07
233
2
2
2
5
8
0
230
219
231
1281-65
128
1
1
2
-3
8
1
1-63
275
276
28
2
3
84
287
28
28
5
8
291
291
291
A
Pr
c
and
c
d
and
2 i 9
yes
or 0
or
7 294 295
1 1 7 7 3 7 A P
1
r
7
c
8
e c d e i s o
14
or
5 14
3
2 1 1 7 4 0 4 14
1
6
75
152 15 1 6 47 1 15 5 4 148 1
16
1
2
1 1 5
1
5 4 5
7
9 0
7
166 179 153 1
1
6
95
9
189 171
1
20
7
3
4 178 180 181
2
1
0
99
8
A.P.
2
r
0 2
c
9 2
and
2 1
c
2
d
2 2 6
232
and
8
i s o
7
or
- 1
4
227
210
211
221
239 2
2
5
1
7
4
225 235
2
2
3
2 2 2
7
6 3 1 3 7
251
260 259 240
246
265
256
A Pr c e c d 2 e 5 i 2 s o o 2 2 6 7 54 4
261
28
2
2
1
8
7
2
4
273 27
286
6 27 2 5 2 7 9 7 0 280 27
291
2
2
2
8
7
9
8
27
2
8
7 2
2
9 2
7
7
9
8 2 1 8 4
2
6
2 7
2
7
8
2
5 2
7
29
2
2
8 8 2 3
29
29
5
1 2 2 9 2 3 2 7 9
2
9 2 6 9 298
9
2 8 0 8 0
3
3 9 2 0 308 3 8 6 0 8 2 5 3 9 3 3 0 5 1 1 1 3 1 3 3 3 1 0 0 8 2 2 2 9 9 8 6 8 30 2 3 30 8 7 0 2 8 0 316 DATA CARD D T at O E um q G C u : o R i W d o Á i r s d G F t e a S I n C n 8 a c O 4 d ia - a S H : s 1 u Y U s m o T G e M 1 E t 8 ro O S D u É r SICS
124 1 1 1 22 0 9 1 1 1 0 6 1 1 0 9 8 8 10 6 7 90 7 9 7 2 3 7 94 6 8 8 6 6 8 3 08 1 6 7 7 9 7 7 0 4 6 4 6 4 105 92 6 6 7 1 1 4 75 5 6 5 65 3 1 9 1 4 4 4 8 4 6 0 2 13 1 4 12 8 1 1 6 7 3 2 2 8 4 10 1 67 2 1 8 76 1 6 0 2 1 9 0 9 8 3 2 8 6 9 1 9 102 7 40 0 1 1 0 9 3 1 7 1 3 7 6 3 45 9 1 1 4 4 8 0 3 8 8 1 4 9 2 9 0 8 7 5 6 8 4 5 1 5 5 1 6 7 0 9 0 5 8 2 5 7 3 7 4 74 0 2 55 5 4 5 9 6 2 5 6 5 4 78 9 0 73 7 6 4 7 8 7 9 4 1 8 3 8 96 5 6 8 46 2 7 6 9 3 5 9 2 7 5 5 6 95 4 7 5 8 5 7 9 0 7 9 8 6 5 9 6 4 8 8 6 9 0 1 8 04 6 1 0 1 6 1 9 0 0 3 8 7 4 6 7 3 2 11 1 3 02 8 6 1
1
91 6
2
1
8
1
123
4 1 9 1 2 0 0 5 1 1 7 1
1
8
4
2
4
1 1
139
2 3 9 3 1 7 1 1 8 3 7 6 1 1 4 1 6 4 2 9 6
15 145 4
11 1 8 0 0 1 4 5 4 9 160 1 1 2 0 0 1 0 1
1
6
8
0
2
1 3 3 8 8 9 1 2 1 1 18 1 2 1 6 1
1
16 8 0 8 5
9
97
8
6 1 1 32 105 19 1 0 5 11
1
8 6
9
1 1 1 6
4
4 2 1 1 1 3 15 1 1 1 1
2
1 9 1 3 2
0
4 4 3
6
1 1 1 0 3 5 6 0 0 1 1 1 0 2 1 0
2
1 1 2 7
1
1 0 5 1
6
09 7 115 1 1 1 2 3 4 1 8 4 1
2
2
2
7 1 1
0
1 1 5 0 9 7 3 1 1 3
19
1 5
1
1 4 42 1 1 1 0 5 8 13 1 1 1 5 1 3 18 2 1 8 6 9 4 3 0 20 1 0 41 1 1
2
3 6
1
1 1
8
152
2
1
6
1 2
2
0 5 6 13
26
8
7
12 1 1 3 1 3 1 3 7 5 2 14 128
2
2 1 1 85 1 1 9
1
3 2 2
2 2
1
5
3
6 2
4
8 4
40
8
12 1
7
6 1 4 39 7 2
-
41
6 245
137 249 23 1 8 42 141 14
2
142 6
44
1 2 4 15
2
0 5 2 7
6
2 4 1 3
9
4 1
2
2
6
5
8
2 3 8 48 18 7
273
8 -5 16 312 0 174 181 2 186 4 18 1 3 79 2
26 072 6
19
2
6
53
197 229 208 20
2
7
55 214 229 281 248 287 304 294 317 2 2 7 8 1 0 2 3 9 1 2 2 31 3 9 10 311
ENVIRONMENTAL MANAGEMENT CONSULTANTS
679,450 680,950 682,450 683,950 685,450
005.239.5
000.139.5 005.929.5
000.829.5
005.239.5
000.139.5 005.929.5
000.829.5
PPllaannoo GGeenneerraall 11 days 11
LOCATION SKETCH
Region
of the Biobío
Commune
from Penco
dxm.lareneG
onalP 941 SAP - 2A\20V\dxM\941SAP\SAP\ocneP
oludóM otceyorP IEA - 8605022\OSRUC
NE
SOTCEYORP\:Z
SCALE 1:11,000 0 375 750 1,500 m
R.G.
:robalE
±
±
±
CoComiuhunae cdoe
dCeo Pmeunncao
Province of
Conception
±
BASE MAPPING THEMATIC MAPPING Administrative Boundaries ^_ Provincial Boundary Reference Points Regional Boundary Project Works Communal Boundary Plantations Affected by Short Commune of Penco Property Boundaries Farms Affected by Short Roads Neighboring Farms Road Network Orography Contours Hydrography Hydrological Network UTM Coordinate (WGS 84, Zone 18S) Property No. Name of Property
gave Role Commune Province Region Reference point North East - - - - - - Access control 5,928,314 677,064 1 Coihueco Estate 1281-55 Penco Concepción Biobío Access Property 1 5,929,963 680,072 Access Property 2 5,929,305 679,610 2 Bellavista, Lot H 1290-170 Penco Concepción Biobío Point 2A 5,929,299 680,181 3 Bellavista, Lot G 1290-169 Penco Concepción Biobío Access Property 3 5,928,847 679,677 Access Property 4 5,928,810 680,392 4 El Cortijo Dos 1287-1 Penco Concepción Biobío Point 4A 5,929,192 680,182 6 El Retamo Dos, Lot J 21287-6 Concepción Concepción Biobío Access Property 6 5,928,420 681,124 7 La Cruz 1281-31 Penco Concepción Biobío Access Property 7 5,929,005 681,621 8 Santa Matilde PC 1 Itata Route Coihueco 1281-62 Penco Concepción Biobío Property Access 8 5,929,251 681,394 9 Lot 2 sector Itata Route 1281-63 Penco Concepción Biobío Property Access 9 5,929,124 680,938
12 El Retamo Uno, Lot F 1281-191 Penco Concepción Biobío Access Property 12 5,929,588 681,269
13 El Retamo Uno, Lot E 1281-190 Penco Concepción Biobío Access Property 13 5,929,805 681,727
15 Coihueco Farm, Lot C 1281-188 Penco Concepción Biobío Property Access 15 5,930,217 682,063
16 Coihueco Farm, Lot B 1281-187 Penco Concepción Biobío Property Access 16 5,929,858 681,713
4 Paper Format: A2 2 0
2
5-
0
7-
2
to:
h
c
and
f